 PDE 2018 02 16 23 39 42.20   16.6500  -97.6500  24.6 7.2 7.2 OAXACA, MEXICO
event name:   C201802162339A
time shift:           4.8000
half duration:        9.6000
latitude:            16.4800
longitude:          -97.8600
depth:               19.3000
Mrr:            3.270000E+26
Mtt:           -2.580000E+26
Mpp:           -6.920000E+25
Mrt:            6.050000E+26
Mrp:           -3.390000E+26
Mtp:            1.180000E+26
